 0.1 -0.1  0.1  0.00  0.61  0.28
 0.1  0.1  0.1  0.00  0.61  0.28
-0.1  0.1  0.1  0.00  0.61  0.28
-0.1 -0.1  0.1  0.00  0.61  0.28

 0.1 -0.1 -0.1  0.01  0.01  0.01
 0.1  0.1 -0.1  0.01  0.01  0.01
-0.1  0.1 -0.1  0.01  0.01  0.01
-0.1 -0.1 -0.1  0.01  0.01  0.01

-0.1  0.1 -0.1  1.00  0.35  0.00
-0.1  0.1  0.1  1.00  0.35  0.00
-0.1 -0.1  0.1  1.00  0.35  0.00
-0.1 -0.1 -0.1  1.00  0.35  0.00

 0.1  0.1 -0.1  0.01  0.01  0.01
 0.1  0.1  0.1  0.01  0.01  0.01
 0.1 -0.1  0.1  0.01  0.01  0.01
 0.1 -0.1 -0.1  0.01  0.01  0.01

 0.1  0.1 -0.1  0.90  0.90  0.90
 0.1  0.1  0.1  0.90  0.90  0.90
-0.1  0.1  0.1  0.90  0.90  0.90
-0.1  0.1 -0.1  0.90  0.90  0.90

 0.1 -0.1 -0.1  0.01  0.01  0.01
 0.1 -0.1  0.1  0.01  0.01  0.01
-0.1 -0.1  0.1  0.01  0.01  0.01
-0.1 -0.1 -0.1  0.01  0.01  0.01



 0.1 -0.1  0.1  0.00  0.61  0.28
 0.1  0.1  0.1  0.00  0.61  0.28
-0.1  0.1  0.1  0.00  0.61  0.28
-0.1 -0.1  0.1  0.00  0.61  0.28

 0.1 -0.1 -0.1  0.01  0.01  0.01
 0.1  0.1 -0.1  0.01  0.01  0.01
-0.1  0.1 -0.1  0.01  0.01  0.01
-0.1 -0.1 -0.1  0.01  0.01  0.01

-0.1  0.1 -0.1  0.01  0.01  0.01
-0.1  0.1  0.1  0.01  0.01  0.01
-0.1 -0.1  0.1  0.01  0.01  0.01
-0.1 -0.1 -0.1  0.01  0.01  0.01

 0.1  0.1 -0.1  0.01  0.01  0.01
 0.1  0.1  0.1  0.01  0.01  0.01
 0.1 -0.1  0.1  0.01  0.01  0.01
 0.1 -0.1 -0.1  0.01  0.01  0.01

 0.1  0.1 -0.1  0.90  0.90  0.90
 0.1  0.1  0.1  0.90  0.90  0.90
-0.1  0.1  0.1  0.90  0.90  0.90
-0.1  0.1 -0.1  0.90  0.90  0.90

 0.1 -0.1 -0.1  0.01  0.01  0.01
 0.1 -0.1  0.1  0.01  0.01  0.01
-0.1 -0.1  0.1  0.01  0.01  0.01
-0.1 -0.1 -0.1  0.01  0.01  0.01



 0.1 -0.1  0.1  0.00  0.61  0.28
 0.1  0.1  0.1  0.00  0.61  0.28
-0.1  0.1  0.1  0.00  0.61  0.28
-0.1 -0.1  0.1  0.00  0.61  0.28

 0.1 -0.1 -0.1  0.01  0.01  0.01
 0.1  0.1 -0.1  0.01  0.01  0.01
-0.1  0.1 -0.1  0.01  0.01  0.01
-0.1 -0.1 -0.1  0.01  0.01  0.01

-0.1  0.1 -0.1  0.01  0.01  0.01
-0.1  0.1  0.1  0.01  0.01  0.01
-0.1 -0.1  0.1  0.01  0.01  0.01
-0.1 -0.1 -0.1  0.01  0.01  0.01

 0.1  0.1 -0.1  0.72  0.07  0.20
 0.1  0.1  0.1  0.72  0.07  0.20
 0.1 -0.1  0.1  0.72  0.07  0.20
 0.1 -0.1 -0.1  0.72  0.07  0.20

 0.1  0.1 -0.1  0.90  0.90  0.90
 0.1  0.1  0.1  0.90  0.90  0.90
-0.1  0.1  0.1  0.90  0.90  0.90
-0.1  0.1 -0.1  0.90  0.90  0.90

 0.1 -0.1 -0.1  0.01  0.01  0.01
 0.1 -0.1  0.1  0.01  0.01  0.01
-0.1 -0.1  0.1  0.01  0.01  0.01
-0.1 -0.1 -0.1  0.01  0.01  0.01



 0.1 -0.1  0.1  0.00  0.61  0.28
 0.1  0.1  0.1  0.00  0.61  0.28
-0.1  0.1  0.1  0.00  0.61  0.28
-0.1 -0.1  0.1  0.00  0.61  0.28

 0.1 -0.1 -0.1  0.01  0.01  0.01
 0.1  0.1 -0.1  0.01  0.01  0.01
-0.1  0.1 -0.1  0.01  0.01  0.01
-0.1 -0.1 -0.1  0.01  0.01  0.01

-0.1  0.1 -0.1  1.00  0.35  0.00
-0.1  0.1  0.1  1.00  0.35  0.00
-0.1 -0.1  0.1  1.00  0.35  0.00
-0.1 -0.1 -0.1  1.00  0.35  0.00

 0.1  0.1 -0.1  0.01  0.01  0.01
 0.1  0.1  0.1  0.01  0.01  0.01
 0.1 -0.1  0.1  0.01  0.01  0.01
 0.1 -0.1 -0.1  0.01  0.01  0.01

 0.1  0.1 -0.1  0.01  0.01  0.01
 0.1  0.1  0.1  0.01  0.01  0.01
-0.1  0.1  0.1  0.01  0.01  0.01
-0.1  0.1 -0.1  0.01  0.01  0.01

 0.1 -0.1 -0.1  0.01  0.01  0.01
 0.1 -0.1  0.1  0.01  0.01  0.01
-0.1 -0.1  0.1  0.01  0.01  0.01
-0.1 -0.1 -0.1  0.01  0.01  0.01



 0.1 -0.1  0.1  0.00  0.61  0.28
 0.1  0.1  0.1  0.00  0.61  0.28
-0.1  0.1  0.1  0.00  0.61  0.28
-0.1 -0.1  0.1  0.00  0.61  0.28

 0.1 -0.1 -0.1  0.01  0.01  0.01
 0.1  0.1 -0.1  0.01  0.01  0.01
-0.1  0.1 -0.1  0.01  0.01  0.01
-0.1 -0.1 -0.1  0.01  0.01  0.01

-0.1  0.1 -0.1  0.01  0.01  0.01
-0.1  0.1  0.1  0.01  0.01  0.01
-0.1 -0.1  0.1  0.01  0.01  0.01
-0.1 -0.1 -0.1  0.01  0.01  0.01

 0.1  0.1 -0.1  0.01  0.01  0.01
 0.1  0.1  0.1  0.01  0.01  0.01
 0.1 -0.1  0.1  0.01  0.01  0.01
 0.1 -0.1 -0.1  0.01  0.01  0.01

 0.1  0.1 -0.1  0.01  0.01  0.01
 0.1  0.1  0.1  0.01  0.01  0.01
-0.1  0.1  0.1  0.01  0.01  0.01
-0.1  0.1 -0.1  0.01  0.01  0.01

 0.1 -0.1 -0.1  0.01  0.01  0.01
 0.1 -0.1  0.1  0.01  0.01  0.01
-0.1 -0.1  0.1  0.01  0.01  0.01
-0.1 -0.1 -0.1  0.01  0.01  0.01



 0.1 -0.1  0.1  0.00  0.61  0.28
 0.1  0.1  0.1  0.00  0.61  0.28
-0.1  0.1  0.1  0.00  0.61  0.28
-0.1 -0.1  0.1  0.00  0.61  0.28

 0.1 -0.1 -0.1  0.01  0.01  0.01
 0.1  0.1 -0.1  0.01  0.01  0.01
-0.1  0.1 -0.1  0.01  0.01  0.01
-0.1 -0.1 -0.1  0.01  0.01  0.01

-0.1  0.1 -0.1  0.01  0.01  0.01
-0.1  0.1  0.1  0.01  0.01  0.01
-0.1 -0.1  0.1  0.01  0.01  0.01
-0.1 -0.1 -0.1  0.01  0.01  0.01

 0.1  0.1 -0.1  0.72  0.07  0.20
 0.1  0.1  0.1  0.72  0.07  0.20
 0.1 -0.1  0.1  0.72  0.07  0.20
 0.1 -0.1 -0.1  0.72  0.07  0.20

 0.1  0.1 -0.1  0.01  0.01  0.01
 0.1  0.1  0.1  0.01  0.01  0.01
-0.1  0.1  0.1  0.01  0.01  0.01
-0.1  0.1 -0.1  0.01  0.01  0.01

 0.1 -0.1 -0.1  0.01  0.01  0.01
 0.1 -0.1  0.1  0.01  0.01  0.01
-0.1 -0.1  0.1  0.01  0.01  0.01
-0.1 -0.1 -0.1  0.01  0.01  0.01



 0.1 -0.1  0.1  0.00  0.61  0.28
 0.1  0.1  0.1  0.00  0.61  0.28
-0.1  0.1  0.1  0.00  0.61  0.28
-0.1 -0.1  0.1  0.00  0.61  0.28

 0.1 -0.1 -0.1  0.01  0.01  0.01
 0.1  0.1 -0.1  0.01  0.01  0.01
-0.1  0.1 -0.1  0.01  0.01  0.01
-0.1 -0.1 -0.1  0.01  0.01  0.01

-0.1  0.1 -0.1  1.00  0.35  0.00
-0.1  0.1  0.1  1.00  0.35  0.00
-0.1 -0.1  0.1  1.00  0.35  0.00
-0.1 -0.1 -0.1  1.00  0.35  0.00

 0.1  0.1 -0.1  0.01  0.01  0.01
 0.1  0.1  0.1  0.01  0.01  0.01
 0.1 -0.1  0.1  0.01  0.01  0.01
 0.1 -0.1 -0.1  0.01  0.01  0.01

 0.1  0.1 -0.1  0.01  0.01  0.01
 0.1  0.1  0.1  0.01  0.01  0.01
-0.1  0.1  0.1  0.01  0.01  0.01
-0.1  0.1 -0.1  0.01  0.01  0.01

 0.1 -0.1 -0.1  1.00  0.84  0.00
 0.1 -0.1  0.1  1.00  0.84  0.00
-0.1 -0.1  0.1  1.00  0.84  0.00
-0.1 -0.1 -0.1  1.00  0.84  0.00



 0.1 -0.1  0.1  0.00  0.61  0.28
 0.1  0.1  0.1  0.00  0.61  0.28
-0.1  0.1  0.1  0.00  0.61  0.28
-0.1 -0.1  0.1  0.00  0.61  0.28

 0.1 -0.1 -0.1  0.01  0.01  0.01
 0.1  0.1 -0.1  0.01  0.01  0.01
-0.1  0.1 -0.1  0.01  0.01  0.01
-0.1 -0.1 -0.1  0.01  0.01  0.01

-0.1  0.1 -0.1  0.01  0.01  0.01
-0.1  0.1  0.1  0.01  0.01  0.01
-0.1 -0.1  0.1  0.01  0.01  0.01
-0.1 -0.1 -0.1  0.01  0.01  0.01

 0.1  0.1 -0.1  0.01  0.01  0.01
 0.1  0.1  0.1  0.01  0.01  0.01
 0.1 -0.1  0.1  0.01  0.01  0.01
 0.1 -0.1 -0.1  0.01  0.01  0.01

 0.1  0.1 -0.1  0.01  0.01  0.01
 0.1  0.1  0.1  0.01  0.01  0.01
-0.1  0.1  0.1  0.01  0.01  0.01
-0.1  0.1 -0.1  0.01  0.01  0.01

 0.1 -0.1 -0.1  1.00  0.84  0.00
 0.1 -0.1  0.1  1.00  0.84  0.00
-0.1 -0.1  0.1  1.00  0.84  0.00
-0.1 -0.1 -0.1  1.00  0.84  0.00



 0.1 -0.1  0.1  0.00  0.61  0.28
 0.1  0.1  0.1  0.00  0.61  0.28
-0.1  0.1  0.1  0.00  0.61  0.28
-0.1 -0.1  0.1  0.00  0.61  0.28

 0.1 -0.1 -0.1  0.01  0.01  0.01
 0.1  0.1 -0.1  0.01  0.01  0.01
-0.1  0.1 -0.1  0.01  0.01  0.01
-0.1 -0.1 -0.1  0.01  0.01  0.01

-0.1  0.1 -0.1  0.01  0.01  0.01
-0.1  0.1  0.1  0.01  0.01  0.01
-0.1 -0.1  0.1  0.01  0.01  0.01
-0.1 -0.1 -0.1  0.01  0.01  0.01

 0.1  0.1 -0.1  0.72  0.07  0.20
 0.1  0.1  0.1  0.72  0.07  0.20
 0.1 -0.1  0.1  0.72  0.07  0.20
 0.1 -0.1 -0.1  0.72  0.07  0.20

 0.1  0.1 -0.1  0.01  0.01  0.01
 0.1  0.1  0.1  0.01  0.01  0.01
-0.1  0.1  0.1  0.01  0.01  0.01
-0.1  0.1 -0.1  0.01  0.01  0.01

 0.1 -0.1 -0.1  1.00  0.84  0.00
 0.1 -0.1  0.1  1.00  0.84  0.00
-0.1 -0.1  0.1  1.00  0.84  0.00
-0.1 -0.1 -0.1  1.00  0.84  0.00



 0.1 -0.1  0.1  0.01  0.01  0.01
 0.1  0.1  0.1  0.01  0.01  0.01
-0.1  0.1  0.1  0.01  0.01  0.01
-0.1 -0.1  0.1  0.01  0.01  0.01

 0.1 -0.1 -0.1  0.01  0.01  0.01
 0.1  0.1 -0.1  0.01  0.01  0.01
-0.1  0.1 -0.1  0.01  0.01  0.01
-0.1 -0.1 -0.1  0.01  0.01  0.01

-0.1  0.1 -0.1  1.00  0.35  0.00
-0.1  0.1  0.1  1.00  0.35  0.00
-0.1 -0.1  0.1  1.00  0.35  0.00
-0.1 -0.1 -0.1  1.00  0.35  0.00

 0.1  0.1 -0.1  0.01  0.01  0.01
 0.1  0.1  0.1  0.01  0.01  0.01
 0.1 -0.1  0.1  0.01  0.01  0.01
 0.1 -0.1 -0.1  0.01  0.01  0.01

 0.1  0.1 -0.1  0.90  0.90  0.90
 0.1  0.1  0.1  0.90  0.90  0.90
-0.1  0.1  0.1  0.90  0.90  0.90
-0.1  0.1 -0.1  0.90  0.90  0.90

 0.1 -0.1 -0.1  0.01  0.01  0.01
 0.1 -0.1  0.1  0.01  0.01  0.01
-0.1 -0.1  0.1  0.01  0.01  0.01
-0.1 -0.1 -0.1  0.01  0.01  0.01



 0.1 -0.1  0.1  0.01  0.01  0.01
 0.1  0.1  0.1  0.01  0.01  0.01
-0.1  0.1  0.1  0.01  0.01  0.01
-0.1 -0.1  0.1  0.01  0.01  0.01
                              
 0.1 -0.1 -0.1  0.01  0.01  0.01
 0.1  0.1 -0.1  0.01  0.01  0.01
-0.1  0.1 -0.1  0.01  0.01  0.01
-0.1 -0.1 -0.1  0.01  0.01  0.01

-0.1  0.1 -0.1  0.01  0.01  0.01
-0.1  0.1  0.1  0.01  0.01  0.01
-0.1 -0.1  0.1  0.01  0.01  0.01
-0.1 -0.1 -0.1  0.01  0.01  0.01

 0.1  0.1 -0.1  0.01  0.01  0.01
 0.1  0.1  0.1  0.01  0.01  0.01
 0.1 -0.1  0.1  0.01  0.01  0.01
 0.1 -0.1 -0.1  0.01  0.01  0.01

 0.1  0.1 -0.1  0.90  0.90  0.90
 0.1  0.1  0.1  0.90  0.90  0.90
-0.1  0.1  0.1  0.90  0.90  0.90
-0.1  0.1 -0.1  0.90  0.90  0.90

 0.1 -0.1 -0.1  0.01  0.01  0.01
 0.1 -0.1  0.1  0.01  0.01  0.01
-0.1 -0.1  0.1  0.01  0.01  0.01
-0.1 -0.1 -0.1  0.01  0.01  0.01



 0.1 -0.1  0.1  0.01  0.01  0.01
 0.1  0.1  0.1  0.01  0.01  0.01
-0.1  0.1  0.1  0.01  0.01  0.01
-0.1 -0.1  0.1  0.01  0.01  0.01
                              
 0.1 -0.1 -0.1  0.01  0.01  0.01
 0.1  0.1 -0.1  0.01  0.01  0.01
-0.1  0.1 -0.1  0.01  0.01  0.01
-0.1 -0.1 -0.1  0.01  0.01  0.01

-0.1  0.1 -0.1  0.01  0.01  0.01
-0.1  0.1  0.1  0.01  0.01  0.01
-0.1 -0.1  0.1  0.01  0.01  0.01
-0.1 -0.1 -0.1  0.01  0.01  0.01

 0.1  0.1 -0.1  0.72  0.07  0.20
 0.1  0.1  0.1  0.72  0.07  0.20
 0.1 -0.1  0.1  0.72  0.07  0.20
 0.1 -0.1 -0.1  0.72  0.07  0.20

 0.1  0.1 -0.1  0.90  0.90  0.90
 0.1  0.1  0.1  0.90  0.90  0.90
-0.1  0.1  0.1  0.90  0.90  0.90
-0.1  0.1 -0.1  0.90  0.90  0.90

 0.1 -0.1 -0.1  0.01  0.01  0.01
 0.1 -0.1  0.1  0.01  0.01  0.01
-0.1 -0.1  0.1  0.01  0.01  0.01
-0.1 -0.1 -0.1  0.01  0.01  0.01



 0.1 -0.1  0.1  0.01  0.01  0.01
 0.1  0.1  0.1  0.01  0.01  0.01
-0.1  0.1  0.1  0.01  0.01  0.01
-0.1 -0.1  0.1  0.01  0.01  0.01
                              
 0.1 -0.1 -0.1  0.01  0.01  0.01
 0.1  0.1 -0.1  0.01  0.01  0.01
-0.1  0.1 -0.1  0.01  0.01  0.01
-0.1 -0.1 -0.1  0.01  0.01  0.01

-0.1  0.1 -0.1  1.00  0.35  0.00
-0.1  0.1  0.1  1.00  0.35  0.00
-0.1 -0.1  0.1  1.00  0.35  0.00
-0.1 -0.1 -0.1  1.00  0.35  0.00

 0.1  0.1 -0.1  0.01  0.01  0.01
 0.1  0.1  0.1  0.01  0.01  0.01
 0.1 -0.1  0.1  0.01  0.01  0.01
 0.1 -0.1 -0.1  0.01  0.01  0.01

 0.1  0.1 -0.1  0.01  0.01  0.01
 0.1  0.1  0.1  0.01  0.01  0.01
-0.1  0.1  0.1  0.01  0.01  0.01
-0.1  0.1 -0.1  0.01  0.01  0.01

 0.1 -0.1 -0.1  0.01  0.01  0.01
 0.1 -0.1  0.1  0.01  0.01  0.01
-0.1 -0.1  0.1  0.01  0.01  0.01
-0.1 -0.1 -0.1  0.01  0.01  0.01



 0.1 -0.1  0.1  0.01  0.01  0.01
 0.1  0.1  0.1  0.01  0.01  0.01
-0.1  0.1  0.1  0.01  0.01  0.01
-0.1 -0.1  0.1  0.01  0.01  0.01
                              
 0.1 -0.1 -0.1  0.01  0.01  0.01
 0.1  0.1 -0.1  0.01  0.01  0.01
-0.1  0.1 -0.1  0.01  0.01  0.01
-0.1 -0.1 -0.1  0.01  0.01  0.01

-0.1  0.1 -0.1  0.01  0.01  0.01
-0.1  0.1  0.1  0.01  0.01  0.01
-0.1 -0.1  0.1  0.01  0.01  0.01
-0.1 -0.1 -0.1  0.01  0.01  0.01

 0.1  0.1 -0.1  0.01  0.01  0.01
 0.1  0.1  0.1  0.01  0.01  0.01
 0.1 -0.1  0.1  0.01  0.01  0.01
 0.1 -0.1 -0.1  0.01  0.01  0.01

 0.1  0.1 -0.1  0.01  0.01  0.01
 0.1  0.1  0.1  0.01  0.01  0.01
-0.1  0.1  0.1  0.01  0.01  0.01
-0.1  0.1 -0.1  0.01  0.01  0.01

 0.1 -0.1 -0.1  0.01  0.01  0.01
 0.1 -0.1  0.1  0.01  0.01  0.01
-0.1 -0.1  0.1  0.01  0.01  0.01
-0.1 -0.1 -0.1  0.01  0.01  0.01



 0.1 -0.1  0.1  0.01  0.01  0.01
 0.1  0.1  0.1  0.01  0.01  0.01
-0.1  0.1  0.1  0.01  0.01  0.01
-0.1 -0.1  0.1  0.01  0.01  0.01
                              
 0.1 -0.1 -0.1  0.01  0.01  0.01
 0.1  0.1 -0.1  0.01  0.01  0.01
-0.1  0.1 -0.1  0.01  0.01  0.01
-0.1 -0.1 -0.1  0.01  0.01  0.01

-0.1  0.1 -0.1  0.01  0.01  0.01
-0.1  0.1  0.1  0.01  0.01  0.01
-0.1 -0.1  0.1  0.01  0.01  0.01
-0.1 -0.1 -0.1  0.01  0.01  0.01

 0.1  0.1 -0.1  0.72  0.07  0.20
 0.1  0.1  0.1  0.72  0.07  0.20
 0.1 -0.1  0.1  0.72  0.07  0.20
 0.1 -0.1 -0.1  0.72  0.07  0.20

 0.1  0.1 -0.1  0.01  0.01  0.01
 0.1  0.1  0.1  0.01  0.01  0.01
-0.1  0.1  0.1  0.01  0.01  0.01
-0.1  0.1 -0.1  0.01  0.01  0.01

 0.1 -0.1 -0.1  0.01  0.01  0.01
 0.1 -0.1  0.1  0.01  0.01  0.01
-0.1 -0.1  0.1  0.01  0.01  0.01
-0.1 -0.1 -0.1  0.01  0.01  0.01



 0.1 -0.1  0.1  0.01  0.01  0.01
 0.1  0.1  0.1  0.01  0.01  0.01
-0.1  0.1  0.1  0.01  0.01  0.01
-0.1 -0.1  0.1  0.01  0.01  0.01
                              
 0.1 -0.1 -0.1  0.01  0.01  0.01
 0.1  0.1 -0.1  0.01  0.01  0.01
-0.1  0.1 -0.1  0.01  0.01  0.01
-0.1 -0.1 -0.1  0.01  0.01  0.01

-0.1  0.1 -0.1  1.00  0.35  0.00
-0.1  0.1  0.1  1.00  0.35  0.00
-0.1 -0.1  0.1  1.00  0.35  0.00
-0.1 -0.1 -0.1  1.00  0.35  0.00

 0.1  0.1 -0.1  0.01  0.01  0.01
 0.1  0.1  0.1  0.01  0.01  0.01
 0.1 -0.1  0.1  0.01  0.01  0.01
 0.1 -0.1 -0.1  0.01  0.01  0.01

 0.1  0.1 -0.1  0.01  0.01  0.01
 0.1  0.1  0.1  0.01  0.01  0.01
-0.1  0.1  0.1  0.01  0.01  0.01
-0.1  0.1 -0.1  0.01  0.01  0.01

 0.1 -0.1 -0.1  1.00  0.84  0.00
 0.1 -0.1  0.1  1.00  0.84  0.00
-0.1 -0.1  0.1  1.00  0.84  0.00
-0.1 -0.1 -0.1  1.00  0.84  0.00



 0.1 -0.1  0.1  0.01  0.01  0.01
 0.1  0.1  0.1  0.01  0.01  0.01
-0.1  0.1  0.1  0.01  0.01  0.01
-0.1 -0.1  0.1  0.01  0.01  0.01
                              
 0.1 -0.1 -0.1  0.01  0.01  0.01
 0.1  0.1 -0.1  0.01  0.01  0.01
-0.1  0.1 -0.1  0.01  0.01  0.01
-0.1 -0.1 -0.1  0.01  0.01  0.01

-0.1  0.1 -0.1  0.01  0.01  0.01
-0.1  0.1  0.1  0.01  0.01  0.01
-0.1 -0.1  0.1  0.01  0.01  0.01
-0.1 -0.1 -0.1  0.01  0.01  0.01

 0.1  0.1 -0.1  0.01  0.01  0.01
 0.1  0.1  0.1  0.01  0.01  0.01
 0.1 -0.1  0.1  0.01  0.01  0.01
 0.1 -0.1 -0.1  0.01  0.01  0.01

 0.1  0.1 -0.1  0.01  0.01  0.01
 0.1  0.1  0.1  0.01  0.01  0.01
-0.1  0.1  0.1  0.01  0.01  0.01
-0.1  0.1 -0.1  0.01  0.01  0.01

 0.1 -0.1 -0.1  1.00  0.84  0.00
 0.1 -0.1  0.1  1.00  0.84  0.00
-0.1 -0.1  0.1  1.00  0.84  0.00
-0.1 -0.1 -0.1  1.00  0.84  0.00



 0.1 -0.1  0.1  0.01  0.01  0.01
 0.1  0.1  0.1  0.01  0.01  0.01
-0.1  0.1  0.1  0.01  0.01  0.01
-0.1 -0.1  0.1  0.01  0.01  0.01
                              
 0.1 -0.1 -0.1  0.01  0.01  0.01
 0.1  0.1 -0.1  0.01  0.01  0.01
-0.1  0.1 -0.1  0.01  0.01  0.01
-0.1 -0.1 -0.1  0.01  0.01  0.01

-0.1  0.1 -0.1  0.01  0.01  0.01
-0.1  0.1  0.1  0.01  0.01  0.01
-0.1 -0.1  0.1  0.01  0.01  0.01
-0.1 -0.1 -0.1  0.01  0.01  0.01

 0.1  0.1 -0.1  0.72  0.07  0.20
 0.1  0.1  0.1  0.72  0.07  0.20
 0.1 -0.1  0.1  0.72  0.07  0.20
 0.1 -0.1 -0.1  0.72  0.07  0.20

 0.1  0.1 -0.1  0.01  0.01  0.01
 0.1  0.1  0.1  0.01  0.01  0.01
-0.1  0.1  0.1  0.01  0.01  0.01
-0.1  0.1 -0.1  0.01  0.01  0.01

 0.1 -0.1 -0.1  1.00  0.84  0.00
 0.1 -0.1  0.1  1.00  0.84  0.00
-0.1 -0.1  0.1  1.00  0.84  0.00
-0.1 -0.1 -0.1  1.00  0.84  0.00



 0.1 -0.1  0.1  0.01  0.01  0.01
 0.1  0.1  0.1  0.01  0.01  0.01
-0.1  0.1  0.1  0.01  0.01  0.01
-0.1 -0.1  0.1  0.01  0.01  0.01

 0.1 -0.1 -0.1  0.00  0.27  0.68
 0.1  0.1 -0.1  0.00  0.27  0.68
-0.1  0.1 -0.1  0.00  0.27  0.68
-0.1 -0.1 -0.1  0.00  0.27  0.68

-0.1  0.1 -0.1  1.00  0.35  0.00
-0.1  0.1  0.1  1.00  0.35  0.00
-0.1 -0.1  0.1  1.00  0.35  0.00
-0.1 -0.1 -0.1  1.00  0.35  0.00

 0.1  0.1 -0.1  0.01  0.01  0.01
 0.1  0.1  0.1  0.01  0.01  0.01
 0.1 -0.1  0.1  0.01  0.01  0.01
 0.1 -0.1 -0.1  0.01  0.01  0.01

 0.1  0.1 -0.1  0.90  0.90  0.90
 0.1  0.1  0.1  0.90  0.90  0.90
-0.1  0.1  0.1  0.90  0.90  0.90
-0.1  0.1 -0.1  0.90  0.90  0.90

 0.1 -0.1 -0.1  0.01  0.01  0.01
 0.1 -0.1  0.1  0.01  0.01  0.01
-0.1 -0.1  0.1  0.01  0.01  0.01
-0.1 -0.1 -0.1  0.01  0.01  0.01



 0.1 -0.1  0.1  0.01  0.01  0.01
 0.1  0.1  0.1  0.01  0.01  0.01
-0.1  0.1  0.1  0.01  0.01  0.01
-0.1 -0.1  0.1  0.01  0.01  0.01

 0.1 -0.1 -0.1  0.00  0.27  0.68
 0.1  0.1 -0.1  0.00  0.27  0.68
-0.1  0.1 -0.1  0.00  0.27  0.68
-0.1 -0.1 -0.1  0.00  0.27  0.68

-0.1  0.1 -0.1  0.01  0.01  0.01
-0.1  0.1  0.1  0.01  0.01  0.01
-0.1 -0.1  0.1  0.01  0.01  0.01
-0.1 -0.1 -0.1  0.01  0.01  0.01

 0.1  0.1 -0.1  0.01  0.01  0.01
 0.1  0.1  0.1  0.01  0.01  0.01
 0.1 -0.1  0.1  0.01  0.01  0.01
 0.1 -0.1 -0.1  0.01  0.01  0.01

 0.1  0.1 -0.1  0.90  0.90  0.90
 0.1  0.1  0.1  0.90  0.90  0.90
-0.1  0.1  0.1  0.90  0.90  0.90
-0.1  0.1 -0.1  0.90  0.90  0.90

 0.1 -0.1 -0.1  0.01  0.01  0.01
 0.1 -0.1  0.1  0.01  0.01  0.01
-0.1 -0.1  0.1  0.01  0.01  0.01
-0.1 -0.1 -0.1  0.01  0.01  0.01



 0.1 -0.1  0.1  0.01  0.01  0.01
 0.1  0.1  0.1  0.01  0.01  0.01
-0.1  0.1  0.1  0.01  0.01  0.01
-0.1 -0.1  0.1  0.01  0.01  0.01

 0.1 -0.1 -0.1  0.00  0.27  0.68
 0.1  0.1 -0.1  0.00  0.27  0.68
-0.1  0.1 -0.1  0.00  0.27  0.68
-0.1 -0.1 -0.1  0.00  0.27  0.68

-0.1  0.1 -0.1  0.01  0.01  0.01
-0.1  0.1  0.1  0.01  0.01  0.01
-0.1 -0.1  0.1  0.01  0.01  0.01
-0.1 -0.1 -0.1  0.01  0.01  0.01

 0.1  0.1 -0.1  0.72  0.07  0.20
 0.1  0.1  0.1  0.72  0.07  0.20
 0.1 -0.1  0.1  0.72  0.07  0.20
 0.1 -0.1 -0.1  0.72  0.07  0.20

 0.1  0.1 -0.1  0.90  0.90  0.90
 0.1  0.1  0.1  0.90  0.90  0.90
-0.1  0.1  0.1  0.90  0.90  0.90
-0.1  0.1 -0.1  0.90  0.90  0.90

 0.1 -0.1 -0.1  0.01  0.01  0.01
 0.1 -0.1  0.1  0.01  0.01  0.01
-0.1 -0.1  0.1  0.01  0.01  0.01
-0.1 -0.1 -0.1  0.01  0.01  0.01



 0.1 -0.1  0.1  0.01  0.01  0.01
 0.1  0.1  0.1  0.01  0.01  0.01
-0.1  0.1  0.1  0.01  0.01  0.01
-0.1 -0.1  0.1  0.01  0.01  0.01

 0.1 -0.1 -0.1  0.00  0.27  0.68
 0.1  0.1 -0.1  0.00  0.27  0.68
-0.1  0.1 -0.1  0.00  0.27  0.68
-0.1 -0.1 -0.1  0.00  0.27  0.68

-0.1  0.1 -0.1  1.00  0.35  0.00
-0.1  0.1  0.1  1.00  0.35  0.00
-0.1 -0.1  0.1  1.00  0.35  0.00
-0.1 -0.1 -0.1  1.00  0.35  0.00

 0.1  0.1 -0.1  0.01  0.01  0.01
 0.1  0.1  0.1  0.01  0.01  0.01
 0.1 -0.1  0.1  0.01  0.01  0.01
 0.1 -0.1 -0.1  0.01  0.01  0.01

 0.1  0.1 -0.1  0.01  0.01  0.01
 0.1  0.1  0.1  0.01  0.01  0.01
-0.1  0.1  0.1  0.01  0.01  0.01
-0.1  0.1 -0.1  0.01  0.01  0.01

 0.1 -0.1 -0.1  0.01  0.01  0.01
 0.1 -0.1  0.1  0.01  0.01  0.01
-0.1 -0.1  0.1  0.01  0.01  0.01
-0.1 -0.1 -0.1  0.01  0.01  0.01



 0.1 -0.1  0.1  0.01  0.01  0.01
 0.1  0.1  0.1  0.01  0.01  0.01
-0.1  0.1  0.1  0.01  0.01  0.01
-0.1 -0.1  0.1  0.01  0.01  0.01

 0.1 -0.1 -0.1  0.00  0.27  0.68
 0.1  0.1 -0.1  0.00  0.27  0.68
-0.1  0.1 -0.1  0.00  0.27  0.68
-0.1 -0.1 -0.1  0.00  0.27  0.68

-0.1  0.1 -0.1  0.01  0.01  0.01
-0.1  0.1  0.1  0.01  0.01  0.01
-0.1 -0.1  0.1  0.01  0.01  0.01
-0.1 -0.1 -0.1  0.01  0.01  0.01

 0.1  0.1 -0.1  0.01  0.01  0.01
 0.1  0.1  0.1  0.01  0.01  0.01
 0.1 -0.1  0.1  0.01  0.01  0.01
 0.1 -0.1 -0.1  0.01  0.01  0.01

 0.1  0.1 -0.1  0.01  0.01  0.01
 0.1  0.1  0.1  0.01  0.01  0.01
-0.1  0.1  0.1  0.01  0.01  0.01
-0.1  0.1 -0.1  0.01  0.01  0.01

 0.1 -0.1 -0.1  0.01  0.01  0.01
 0.1 -0.1  0.1  0.01  0.01  0.01
-0.1 -0.1  0.1  0.01  0.01  0.01
-0.1 -0.1 -0.1  0.01  0.01  0.01



 0.1 -0.1  0.1  0.01  0.01  0.01
 0.1  0.1  0.1  0.01  0.01  0.01
-0.1  0.1  0.1  0.01  0.01  0.01
-0.1 -0.1  0.1  0.01  0.01  0.01

 0.1 -0.1 -0.1  0.00  0.27  0.68
 0.1  0.1 -0.1  0.00  0.27  0.68
-0.1  0.1 -0.1  0.00  0.27  0.68
-0.1 -0.1 -0.1  0.00  0.27  0.68

-0.1  0.1 -0.1  0.01  0.01  0.01
-0.1  0.1  0.1  0.01  0.01  0.01
-0.1 -0.1  0.1  0.01  0.01  0.01
-0.1 -0.1 -0.1  0.01  0.01  0.01

 0.1  0.1 -0.1  0.72  0.07  0.20
 0.1  0.1  0.1  0.72  0.07  0.20
 0.1 -0.1  0.1  0.72  0.07  0.20
 0.1 -0.1 -0.1  0.72  0.07  0.20

 0.1  0.1 -0.1  0.01  0.01  0.01
 0.1  0.1  0.1  0.01  0.01  0.01
-0.1  0.1  0.1  0.01  0.01  0.01
-0.1  0.1 -0.1  0.01  0.01  0.01

 0.1 -0.1 -0.1  0.01  0.01  0.01
 0.1 -0.1  0.1  0.01  0.01  0.01
-0.1 -0.1  0.1  0.01  0.01  0.01
-0.1 -0.1 -0.1  0.01  0.01  0.01



 0.1 -0.1  0.1  0.01  0.01  0.01
 0.1  0.1  0.1  0.01  0.01  0.01
-0.1  0.1  0.1  0.01  0.01  0.01
-0.1 -0.1  0.1  0.01  0.01  0.01

 0.1 -0.1 -0.1  0.00  0.27  0.68
 0.1  0.1 -0.1  0.00  0.27  0.68
-0.1  0.1 -0.1  0.00  0.27  0.68
-0.1 -0.1 -0.1  0.00  0.27  0.68

-0.1  0.1 -0.1  1.00  0.35  0.00
-0.1  0.1  0.1  1.00  0.35  0.00
-0.1 -0.1  0.1  1.00  0.35  0.00
-0.1 -0.1 -0.1  1.00  0.35  0.00

 0.1  0.1 -0.1  0.01  0.01  0.01
 0.1  0.1  0.1  0.01  0.01  0.01
 0.1 -0.1  0.1  0.01  0.01  0.01
 0.1 -0.1 -0.1  0.01  0.01  0.01

 0.1  0.1 -0.1  0.01  0.01  0.01
 0.1  0.1  0.1  0.01  0.01  0.01
-0.1  0.1  0.1  0.01  0.01  0.01
-0.1  0.1 -0.1  0.01  0.01  0.01

 0.1 -0.1 -0.1  1.00  0.84  0.00
 0.1 -0.1  0.1  1.00  0.84  0.00
-0.1 -0.1  0.1  1.00  0.84  0.00
-0.1 -0.1 -0.1  1.00  0.84  0.00



 0.1 -0.1  0.1  0.01  0.01  0.01
 0.1  0.1  0.1  0.01  0.01  0.01
-0.1  0.1  0.1  0.01  0.01  0.01
-0.1 -0.1  0.1  0.01  0.01  0.01

 0.1 -0.1 -0.1  0.00  0.27  0.68
 0.1  0.1 -0.1  0.00  0.27  0.68
-0.1  0.1 -0.1  0.00  0.27  0.68
-0.1 -0.1 -0.1  0.00  0.27  0.68

-0.1  0.1 -0.1  0.01  0.01  0.01
-0.1  0.1  0.1  0.01  0.01  0.01
-0.1 -0.1  0.1  0.01  0.01  0.01
-0.1 -0.1 -0.1  0.01  0.01  0.01

 0.1  0.1 -0.1  0.01  0.01  0.01
 0.1  0.1  0.1  0.01  0.01  0.01
 0.1 -0.1  0.1  0.01  0.01  0.01
 0.1 -0.1 -0.1  0.01  0.01  0.01

 0.1  0.1 -0.1  0.01  0.01  0.01
 0.1  0.1  0.1  0.01  0.01  0.01
-0.1  0.1  0.1  0.01  0.01  0.01
-0.1  0.1 -0.1  0.01  0.01  0.01

 0.1 -0.1 -0.1  1.00  0.84  0.00
 0.1 -0.1  0.1  1.00  0.84  0.00
-0.1 -0.1  0.1  1.00  0.84  0.00
-0.1 -0.1 -0.1  1.00  0.84  0.00



 0.1 -0.1  0.1  0.01  0.01  0.01
 0.1  0.1  0.1  0.01  0.01  0.01
-0.1  0.1  0.1  0.01  0.01  0.01
-0.1 -0.1  0.1  0.01  0.01  0.01

 0.1 -0.1 -0.1  0.00  0.27  0.68
 0.1  0.1 -0.1  0.00  0.27  0.68
-0.1  0.1 -0.1  0.00  0.27  0.68
-0.1 -0.1 -0.1  0.00  0.27  0.68

-0.1  0.1 -0.1  0.01  0.01  0.01
-0.1  0.1  0.1  0.01  0.01  0.01
-0.1 -0.1  0.1  0.01  0.01  0.01
-0.1 -0.1 -0.1  0.01  0.01  0.01

 0.1  0.1 -0.1  0.72  0.07  0.20
 0.1  0.1  0.1  0.72  0.07  0.20
 0.1 -0.1  0.1  0.72  0.07  0.20
 0.1 -0.1 -0.1  0.72  0.07  0.20

 0.1  0.1 -0.1  0.01  0.01  0.01
 0.1  0.1  0.1  0.01  0.01  0.01
-0.1  0.1  0.1  0.01  0.01  0.01
-0.1  0.1 -0.1  0.01  0.01  0.01

 0.1 -0.1 -0.1  1.00  0.84  0.00
 0.1 -0.1  0.1  1.00  0.84  0.00
-0.1 -0.1  0.1  1.00  0.84  0.00
-0.1 -0.1 -0.1  1.00  0.84  0.00
